********* PART B ***************
(-1 of 4 ,0.0 , [50,50,50] of 150)
(-1 of 4 ,0.0 , [50,50,50] of 150)
(-1 of 4 ,0.0 , [50,50,50] of 150)
********* PART C ***************
(-1 of 4 ,0.0 , [50,50,50] of 150)
(-1 of 4 ,0.0 , [100,100,100] of 300)
(-1 of 4 ,0.0 , [150,150,150] of 450)
(-1 of 4 ,0.0 , [200,200,200] of 600)
(-1 of 4 ,0.0 , [250,250,250] of 750)
(-1 of 4 ,0.0 , [300,300,300] of 900)
(-1 of 4 ,0.0 , [350,350,350] of 1050)
(-1 of 4 ,0.0 , [400,400,400] of 1200)
(-1 of 4 ,0.0 , [450,450,450] of 1350)
(-1 of 4 ,0.0 , [500,500,500] of 1500)
(-1 of 4 ,0.0 , [550,550,550] of 1650)
(-1 of 4 ,0.0 , [600,600,600] of 1800)
(-1 of 4 ,0.0 , [650,650,650] of 1950)
(-1 of 4 ,0.0 , [700,700,700] of 2100)
(-1 of 4 ,0.0 , [750,750,750] of 2250)
(-1 of 4 ,0.0 , [800,800,800] of 2400)
(-1 of 4 ,0.0 , [850,850,850] of 2550)
(-1 of 4 ,0.0 , [900,900,900] of 2700)
(-1 of 4 ,0.0 , [950,950,950] of 2850)
(-1 of 4 ,0.0 , [1000,1000,1000] of 3000)
(-1 of 4 ,0.0 , [1050,1050,1050] of 3150)
(-1 of 4 ,0.0 , [1100,1100,1100] of 3300)
(-1 of 4 ,0.0 , [1150,1150,1150] of 3450)
(-1 of 4 ,0.0 , [1200,1200,1200] of 3600)
(-1 of 4 ,0.0 , [1250,1250,1250] of 3750)
(-1 of 4 ,0.0 , [1300,1300,1300] of 3900)
(-1 of 4 ,0.0 , [1350,1350,1350] of 4050)
(-1 of 4 ,0.0 , [1400,1400,1400] of 4200)
(-1 of 4 ,0.0 , [1450,1450,1450] of 4350)
(-1 of 4 ,0.0 , [1500,1500,1500] of 4500)
(-1 of 4 ,0.0 , [1550,1550,1550] of 4650)
(-1 of 4 ,0.0 , [1600,1600,1600] of 4800)
(-1 of 4 ,0.0 , [1650,1650,1650] of 4950)
(-1 of 4 ,0.0 , [1700,1700,1700] of 5100)
(-1 of 4 ,0.0 , [1750,1750,1750] of 5250)
(-1 of 4 ,0.0 , [1800,1800,1800] of 5400)
(-1 of 4 ,0.0 , [1850,1850,1850] of 5550)
(-1 of 4 ,0.0 , [1900,1900,1900] of 5700)
(-1 of 4 ,0.0 , [1950,1950,1950] of 5850)
(-1 of 4 ,0.0 , [2000,2000,2000] of 6000)
(-1 of 4 ,0.0 , [2050,2050,2050] of 6150)
(-1 of 4 ,0.0 , [2100,2100,2100] of 6300)
(-1 of 4 ,0.0 , [2150,2150,2150] of 6450)
(-1 of 4 ,0.0 , [2200,2200,2200] of 6600)
(-1 of 4 ,0.0 , [2250,2250,2250] of 6750)
(-1 of 4 ,0.0 , [2300,2300,2300] of 6900)
(-1 of 4 ,0.0 , [2350,2350,2350] of 7050)
(-1 of 4 ,0.0 , [2400,2400,2400] of 7200)
(-1 of 4 ,0.0 , [2450,2450,2450] of 7350)
(-1 of 4 ,0.0 , [2500,2500,2500] of 7500)
